function [ ] = tot()

yEuler = [0.8000;1.1520;1.5504;1.9885;2.4582;2.9498;3.4518;3.9501;4.4282;4.8658];
eEuler =[0.0293;0.0621;0.0985;0.1387;0.1827;0.2301;0.2806;0.3334;0.3870;0.4397];

yTaylor2 = [0.8300;1.2158;1.6521;2.1323;2.6486;3.1913;3.7486;4.3061;4.8463;5.3477];
eTaylor2 =[-0.0007;-0.0017;-0.0031;-0.0051;-0.0078;-0.0114;-0.0162;-0.0227;-0.0311;-0.0422];

yTaylor4 = [0.8293;1.2141;1.6489;2.1272;2.6409;3.1800;3.7324;4.2835;4.8152;5.3056];
eTaylor4 = [-0.0138;-0.0337;-0.0617;-0.1005;-0.1535;-0.2249;-0.3205;-0.4474;-0.6148;-0.8343];

yMidPoint =[0.1013;0.1247;0.1531;0.1875;0.2292;0.2797;0.3410;0.4151;0.5050;0.6138];
eMidPoint = [0.7280;1.0894;1.4958;1.9397;2.4116;2.9002;3.3914;3.8684;4.3102;4.6916];

yEulerM = [0.8260;1.2069;1.6372;2.1102;2.6177;3.1496;3.6937;4.2351;4.7556;5.2331];
eEulerM = [0.0033;0.0072;0.0117;0.0170;0.0232;0.0304;0.0387;0.0484;0.0596;0.0724];

yHeun = [0.8292;1.2140;1.6488;2.1270;2.6406;3.1796;3.7320;4.2830;4.8147;5.3050];
eHeun = [0.0542;0.1127;0.1747;0.2390;0.3035;0.3653;0.4197,;0.4608;0.4797;0.4648];

yR_K = [1.0090;1.6669;2.4973;3.5317;4.8125;6.3966;8.3603;10.8058;13.8707;17.7390];
eR_K = [-0.1797;-0.4528;-0.8483;-1.4044;-2.1716;-3.2166;-4.6279;-6.5224;-9.0555;-12.4335];


T = [yEuler eEuler yTaylor2 eTaylor2 yTaylor4 eTaylor4 yMidPoint eMidPoint yEulerM eEulerM yHeun eHeun yR_K eR_K]
%t2 = [yEuler eEuler]
end

